timestamp,coyno,success,status code
